DNN_WS2M_MIN.keras
0.5268821716308594 0.5700521469116211 0.3802880048751831 0.38787710666656494 187.04215264320374
**********************************
DNN_WS2M_MAX.keras
0.6266869306564331 0.626823902130127 0.6869290471076965 0.6703042984008789 190.66249465942383
**********************************
DNN_WS2M.keras
0.6746459007263184 0.6989465951919556 0.46899983286857605 0.4558538794517517 187.61304450035095
**********************************
DNN_Index.keras
0.40959733724594116 0.4725661873817444 0.05163672938942909 0.04796231910586357 166.7602059841156
**********************************
DNN_TEMP.keras
0.9058129191398621 0.8531099557876587 0.8833577632904053 1.2439631223678589 168.1878764629364
**********************************
DNN_GHI.keras
0.08406269550323486 -0.1636648178100586 0.6230766773223877 0.7018483877182007 176.79210257530212
**********************************
DNN_GHI.keras
0.2354741096496582 0.14336585998535156 0.5222424268722534 0.6662884950637817 165.79849410057068
**********************************
DNN_DNI.keras
0.38800615072250366 0.5128728151321411 1.165730357170105 1.1121864318847656 172.39330053329468
**********************************
DNN_DIFF.keras
0.4159916639328003 0.5346654653549194 0.41755053400993347 0.4362884759902954 179.07939982414246
**********************************
